Item 3;6;2.5
Item 5;10;1.0
Item 6;12;1.5
Item 7;14;2.0
Item 13;26;2.5
Item 15;30;1.0
Item 16;32;1.5
Item 20;40;1.0
Item 22;44;2.0
Item 23;46;2.5
Item 24;48;3.0
Item 26;52;1.5
Item 29;58;3.0
Item 30;60;1.0
Item 31;62;1.5
Item 35;70;1.0
Item 36;72;1.5
Item 38;76;2.5
Item 40;80;1.0
Item 43;86;2.5
Item 44;88;3.0
Item 45;90;1.0
Item 47;94;2.0
Item 48;96;2.5
Item 49;98;3.0
Item 50;100;1.0
Item 54;108;3.0
Item 57;114;2.0
Item 58;116;2.5
Item 60;120;1.0
Item 63;126;2.5
Item 64;128;3.0
Item 65;130;1.0
Item 69;138;3.0
Item 75;150;1.0
Item 76;152;1.5
Item 78;156;2.5
Item 80;160;1.0
Item 81;162;1.5
Item 84;168;3.0
Item 87;174;2.0
Item 93;186;2.5
Item 95;190;1.0
Item 97;194;2.0
Item 103;206;2.5
Item 104;208;3.0
Item 105;210;1.0
Item 108;216;2.5
Item 109;218;3.0
Item 110;220;1.0
Item 112;224;2.0
Item 113;226;2.5
Item 114;228;3.0
Item 118;236;2.5
Item 121;242;1.5
Item 124;248;3.0
Item 125;250;1.0
Item 127;254;2.0
Item 129;258;3.0
Item 131;262;1.5
Item 132;264;2.0
Item 133;266;2.5
Item 136;272;1.5
Item 137;274;2.0
Item 138;276;2.5
Item 140;280;1.0
Item 141;282;1.5
Item 142;284;2.0
Item 145;290;1.0
Item 148;296;2.5
Item 149;298;3.0
Item 150;300;1.0
Item 151;302;1.5
Item 155;310;1.0
Item 157;314;2.0
Item 159;318;3.0
Item 160;320;1.0
Item 162;324;2.0
Item 164;328;3.0
Item 168;336;2.5
Item 169;338;3.0
Item 171;342;1.5
Item 179;358;3.0
Item 181;362;1.5
Item 182;364;2.0
Item 183;366;2.5
Item 184;368;3.0
Item 186;372;1.5
Item 187;374;2.0
Item 189;378;3.0
Item 190;380;1.0
Item 192;384;2.0
Item 193;386;2.5
Item 195;390;1.0
Item 196;392;1.5
Item 197;394;2.0
Item 200;400;1.0
Item 202;404;2.0
Item 203;406;2.5
Item 207;414;2.0
Item 208;416;2.5
Item 210;420;1.0
Item 214;428;3.0
Item 215;430;1.0
Item 217;434;2.0
Item 218;436;2.5
Item 219;438;3.0
Item 220;440;1.0
Item 223;446;2.5
Item 224;448;3.0
Item 227;454;2.0
Item 228;456;2.5
Item 229;458;3.0
Item 230;460;1.0
Item 231;462;1.5
Item 233;466;2.5
Item 236;472;1.5
Item 243;486;2.5
Item 245;490;1.0
Item 247;494;2.0
Item 248;496;2.5
