Item 1;2;1.5
Item 2;4;2.0
Item 3;6;2.5
Item 4;8;3.0
Item 5;10;1.0
Item 6;12;1.5
Item 7;14;2.0
Item 8;16;2.5
Item 9;18;3.0
Item 10;20;1.0
Item 11;22;1.5
Item 12;24;2.0
Item 13;26;2.5
Item 14;28;3.0
Item 15;30;1.0
Item 16;32;1.5
Item 17;34;2.0
Item 18;36;2.5
Item 19;38;3.0
Item 20;40;1.0
Item 21;42;1.5
Item 22;44;2.0
Item 23;46;2.5
Item 24;48;3.0
Item 25;50;1.0
Item 26;52;1.5
Item 27;54;2.0
Item 28;56;2.5
Item 29;58;3.0
Item 30;60;1.0
Item 31;62;1.5
Item 32;64;2.0
Item 33;66;2.5
Item 34;68;3.0
Item 35;70;1.0
Item 36;72;1.5
Item 37;74;2.0
Item 38;76;2.5
Item 39;78;3.0
Item 40;80;1.0
Item 41;82;1.5
Item 42;84;2.0
Item 43;86;2.5
Item 44;88;3.0
Item 45;90;1.0
Item 46;92;1.5
Item 47;94;2.0
Item 48;96;2.5
Item 49;98;3.0
Item 50;100;1.0
Item 51;102;1.5
Item 52;104;2.0
Item 53;106;2.5
Item 54;108;3.0
Item 55;110;1.0
Item 56;112;1.5
Item 57;114;2.0
Item 58;116;2.5
Item 59;118;3.0
Item 60;120;1.0
Item 61;122;1.5
Item 62;124;2.0
Item 63;126;2.5
Item 64;128;3.0
Item 65;130;1.0
Item 66;132;1.5
Item 67;134;2.0
Item 68;136;2.5
Item 69;138;3.0
Item 70;140;1.0
Item 71;142;1.5
Item 72;144;2.0
Item 73;146;2.5
Item 74;148;3.0
Item 75;150;1.0
Item 76;152;1.5
Item 77;154;2.0
Item 78;156;2.5
Item 79;158;3.0
Item 80;160;1.0
Item 81;162;1.5
Item 82;164;2.0
Item 83;166;2.5
Item 84;168;3.0
Item 85;170;1.0
Item 86;172;1.5
Item 87;174;2.0
Item 88;176;2.5
Item 89;178;3.0
Item 90;180;1.0
Item 91;182;1.5
Item 92;184;2.0
Item 93;186;2.5
Item 94;188;3.0
Item 95;190;1.0
Item 96;192;1.5
Item 97;194;2.0
Item 98;196;2.5
Item 99;198;3.0
Item 100;200;1.0
Item 101;202;1.5
Item 102;204;2.0
Item 103;206;2.5
Item 104;208;3.0
Item 105;210;1.0
Item 106;212;1.5
Item 107;214;2.0
Item 108;216;2.5
Item 109;218;3.0
Item 110;220;1.0
Item 111;222;1.5
Item 112;224;2.0
Item 113;226;2.5
Item 114;228;3.0
Item 115;230;1.0
Item 116;232;1.5
Item 117;234;2.0
Item 118;236;2.5
Item 119;238;3.0
Item 120;240;1.0
Item 121;242;1.5
Item 122;244;2.0
Item 123;246;2.5
Item 124;248;3.0
Item 125;250;1.0
Item 126;252;1.5
Item 127;254;2.0
Item 128;256;2.5
Item 129;258;3.0
Item 130;260;1.0
Item 131;262;1.5
Item 132;264;2.0
Item 133;266;2.5
Item 134;268;3.0
Item 135;270;1.0
Item 136;272;1.5
Item 137;274;2.0
Item 138;276;2.5
Item 139;278;3.0
Item 140;280;1.0
Item 141;282;1.5
Item 142;284;2.0
Item 143;286;2.5
Item 144;288;3.0
Item 145;290;1.0
Item 146;292;1.5
Item 147;294;2.0
Item 148;296;2.5
Item 149;298;3.0
Item 150;300;1.0
Item 151;302;1.5
Item 152;304;2.0
Item 153;306;2.5
Item 154;308;3.0
Item 155;310;1.0
Item 156;312;1.5
Item 157;314;2.0
Item 158;316;2.5
Item 159;318;3.0
Item 160;320;1.0
Item 161;322;1.5
Item 162;324;2.0
Item 163;326;2.5
Item 164;328;3.0
Item 165;330;1.0
Item 166;332;1.5
Item 167;334;2.0
Item 168;336;2.5
Item 169;338;3.0
Item 170;340;1.0
Item 171;342;1.5
Item 172;344;2.0
Item 173;346;2.5
Item 174;348;3.0
Item 175;350;1.0
Item 176;352;1.5
Item 177;354;2.0
Item 178;356;2.5
Item 179;358;3.0
Item 180;360;1.0
Item 181;362;1.5
Item 182;364;2.0
Item 183;366;2.5
Item 184;368;3.0
Item 185;370;1.0
Item 186;372;1.5
Item 187;374;2.0
Item 188;376;2.5
Item 189;378;3.0
Item 190;380;1.0
Item 191;382;1.5
Item 192;384;2.0
Item 193;386;2.5
Item 194;388;3.0
Item 195;390;1.0
Item 196;392;1.5
Item 197;394;2.0
Item 198;396;2.5
Item 199;398;3.0
Item 200;400;1.0
Item 201;402;1.5
Item 202;404;2.0
Item 203;406;2.5
Item 204;408;3.0
Item 205;410;1.0
Item 206;412;1.5
Item 207;414;2.0
Item 208;416;2.5
Item 209;418;3.0
Item 210;420;1.0
Item 211;422;1.5
Item 212;424;2.0
Item 213;426;2.5
Item 214;428;3.0
Item 215;430;1.0
Item 216;432;1.5
Item 217;434;2.0
Item 218;436;2.5
Item 219;438;3.0
Item 220;440;1.0
Item 221;442;1.5
Item 222;444;2.0
Item 223;446;2.5
Item 224;448;3.0
Item 225;450;1.0
Item 226;452;1.5
Item 227;454;2.0
Item 228;456;2.5
Item 229;458;3.0
Item 230;460;1.0
Item 231;462;1.5
Item 232;464;2.0
Item 233;466;2.5
Item 234;468;3.0
Item 235;470;1.0
Item 236;472;1.5
Item 237;474;2.0
Item 238;476;2.5
Item 239;478;3.0
Item 240;480;1.0
Item 241;482;1.5
Item 242;484;2.0
Item 243;486;2.5
Item 244;488;3.0
Item 245;490;1.0
Item 246;492;1.5
Item 247;494;2.0
Item 248;496;2.5
Item 249;498;3.0
Item 250;500;1.0
